#######################
### DE ROZE EENDJES ###
#######################

35.110
34.758
34.542
34.651
34.756
34.532
34.640
34.712
34.754
34.770
34.486
34.593
35.133
34.470
34.455
34.595
34.587
34.470
34.490
34.449
34.431
34.616
34.405
34.422
34.502
34.336
35.029
34.433
34.327
34.450
34.286
34.345
34.459
34.334
34.345
34.524
34.409
34.480
34.373
34.225
34.463
34.570
34.492
34.476
34.785
34.348
34.396
34.436
34.457
34.376
34.342
34.352
34.423
34.387
34.489
34.367
34.904
34.439
34.411
34.326
34.552
34.339
34.351
34.460
34.514
34.293
34.271
34.381
34.371
34.374
34.509
34.101
35.166
34.423
34.462
34.360
34.294
34.441
34.645
34.550
34.411
34.562
34.870
44.003
35.335
35.014
34.971
34.798
34.835
34.900
34.796
34.860
34.859
34.823
34.888
34.971
34.832
34.652
34.912
34.913
34.870
34.741
35.079
34.808
34.894
34.559
35.138
34.490
34.811
34.653
34.642
35.410
34.623
34.765
35.121
34.768
34.841
35.867
34.922
34.752
34.977
34.898
34.675
34.723
34.639
34.590
34.665
34.653
34.725
43.592
34.642
34.367
34.390
34.380
34.578
34.831
34.297
34.386
34.435
34.415
34.421
34.400
34.519
34.540
34.454
34.558
34.415
34.646
34.348
34.247
34.320
34.375
34.510
34.392
34.355
34.400
34.323
34.204
34.307
34.314
34.267
35.260
35.155
34.928
34.642
45.315
35.135
34.682
34.716
34.618
34.472
34.760
34.678
34.578
34.522
34.618
34.726
34.543
34.538
34.580
34.557
34.649
34.502
34.582
34.489
34.442
34.526
34.786
34.467
34.611
34.515
34.528
34.565
34.839
34.708
34.612
34.694
34.578
34.461
34.534
34.530
34.402
34.402
35.656
34.615
34.475
34.605
34.643

###################
### GIFMOSJETTE ###
###################

34.800
34.698
34.570
34.637
34.788
34.538
34.538
34.754
34.701
35.099
34.471
34.261
35.134
34.541
34.477
34.564
34.550
34.437
34.547
34.373
34.535
34.449
34.546
34.355
34.477
34.370
35.026
34.389
34.344
34.427
34.344
34.405
34.393
34.508
34.262
34.342
34.545
34.447
34.396
34.502
34.475
34.251
34.507
34.493
34.940
34.212
34.320
34.441
34.440
34.407
34.339
34.451
34.390
34.388
34.435
34.340
35.214
34.323
34.291
34.230
34.618
34.319
34.461
34.323
34.633
34.497
34.324
34.275
34.201
34.354
34.471
34.095
35.294
34.317
34.352
34.506
34.239
34.808
46.905
35.651
35.354
34.981
34.787
34.958
34.805
34.712
35.005
34.559
34.596
34.615
34.811
34.657
34.568
34.707
34.702
34.833
34.698
34.696
34.758
35.510
34.955
34.659
34.857
34.743
34.893
34.669
34.716
34.707
34.592
34.834
34.696
34.715
34.795
34.829
34.712
34.602
34.616
34.713
34.646
34.766
34.605
34.701
34.692
34.520
34.589
34.613
34.798
34.512
47.766
34.826
34.734
34.575
34.324
34.076
34.679
34.350
33.991
34.649
34.524
34.204
34.304
34.337
34.342
34.397
34.295
34.243
34.226
34.354
34.268
34.262
34.128
34.355
34.372
34.396
34.368
46.860
35.298
34.675
35.140
34.712
34.810
34.588
35.022
35.642
35.134
34.545
34.535
34.472
34.557
35.295
34.508
34.680
35.372
34.747
34.656
34.541
34.511
34.795
34.704
34.591
34.548
34.596
34.769
34.761
34.510
34.474
34.536
34.750
34.533
34.647
34.555
34.899
34.726
34.528
34.669
34.617
34.689
34.662
34.583
34.643
34.696
34.600
34.990
34.457
34.620
34.450
34.630
34.960

#####################
### LZ SPEEDSTERS ###
#####################

35.663
35.160
35.159
34.879
34.829
35.133
35.211
34.874
34.950
35.062
34.734
35.017
34.912
34.963
34.811
34.824
35.066
35.291
35.093
35.114
35.938
35.941
34.929
35.128
34.885
35.213
35.147
36.118
34.392
35.121
35.001
34.857
34.996
35.083
34.950
34.770
34.757
35.127
34.887
34.855
34.897
35.014
34.939
34.826
34.877
35.051
35.408
35.091
45.056
36.110
34.879
34.929
34.662
34.711
34.481
34.971
34.592
34.458
34.399
34.504
34.362
34.710
34.692
34.765
38.852
34.495
35.869
34.596
34.434
34.185
34.412
34.953
34.887
35.170
35.810
35.167
35.489
34.451
34.619
34.393
34.393
34.265
34.524
34.536
34.540
34.578
34.406
34.667
34.456
34.397
34.445
34.961
34.398
34.475
34.364
34.515
34.694
34.730
34.681
34.516
34.524
45.190
34.877
34.713
34.700
34.795
34.622
34.853
34.878
34.807
34.781
34.705
34.603
34.651
34.589
34.817
34.787
34.661
34.795
34.684
34.535
34.556
34.777
34.671
34.607
34.718
34.722
34.764
34.733
34.724
34.578
34.628
34.686
34.496
34.710
34.503
35.109
34.639
34.728
34.887
34.988
34.992
44.504
34.821
34.568
34.288
34.470
34.409
35.313
34.331
34.410
34.293
34.590
34.419
34.312
34.508
34.305
35.013
34.770
34.774
34.589
35.006
34.958
34.465
34.420
34.500
34.394
34.284
34.371
34.188
34.248
34.173
34.464
34.615
34.815
34.118
34.498
34.306
34.477
34.405
34.422
34.341
34.334
34.386
34.217
34.331
34.270
34.395
34.255
34.526
34.502
34.590
35.143
34.924
34.265
34.513
34.567
34.480
34.475
34.529
34.528
34.305
35.151
34.421
34.412
34.370
34.217
34.600

####################
### SPEED SNAILS ###
####################

35.769
34.722
34.835
34.834
34.859
34.725
34.705
34.799
34.815
34.799
34.837
34.885
34.885
34.913
34.791
34.764
34.778
34.746
34.749
34.572
34.673
34.879
34.753
34.670
34.850
34.880
34.774
34.677
34.726
34.892
34.846
34.642
34.707
34.871
34.634
34.651
34.733
34.765
34.678
34.694
34.713
34.641
34.702
34.546
34.557
34.773
34.560
34.861
34.800
47.264
35.431
35.347
35.180
35.205
35.109
35.088
35.093
34.894
34.993
34.880
36.136
35.251
34.930
34.856
35.052
34.910
34.926
35.007
35.057
35.184
35.080
34.899
34.949
35.090
35.119
35.241
35.195
35.119
34.926
34.985
35.086
35.130
34.951
35.032
34.861
35.028
35.243
35.101
35.769
35.020
34.853
35.638
35.029
35.066
34.991
34.780
35.214
34.902
34.743
45.703
34.916
34.826
34.847
34.629
34.644
34.443
34.558
34.458
34.540
34.520
34.766
34.638
34.437
34.556
34.479
34.350
34.531
34.697
34.897
34.645
34.507
34.951
34.730
34.809
34.592
34.609
34.592
34.527
34.692
34.515
34.586
34.501
34.561
34.624
34.495
34.529
35.480
34.579
34.590
34.544
34.598
34.747
34.728
34.576
34.436
34.689
34.643
34.625
34.818
34.787
48.417
35.403
35.053
34.891
34.976
34.697
35.556
35.230
35.024
34.961
34.998
35.003
35.173
34.897
35.080
35.035
34.873
34.699
35.002
35.042
35.009
35.030
35.244
34.899
35.055
35.024
35.033
34.957
34.873
34.964
35.111
35.090
35.088
34.921
34.922
34.809
34.889
34.859
34.815
35.064
34.812
35.090
34.932
35.211
34.796
34.976
34.735
34.892
34.764
34.808
35.094
35.030
35.044
34.850
34.900
35.053
34.911

##########
### XL ###
##########

35.397
34.840
34.744
34.835
34.762
34.710
34.676
34.761
34.589
34.706
34.837
34.635
34.685
34.683
34.752
34.859
34.711
34.692
34.793
34.722
34.758
34.707
34.780
34.776
34.704
34.574
34.828
34.673
34.614
34.643
34.606
34.754
34.785
34.656
34.890
34.812
34.623
34.772
34.706
34.762
34.781
34.792
34.679
34.740
46.555
35.964
35.512
35.302
35.444
35.527
35.412
35.517
35.236
35.213
35.154
37.385
35.218
34.989
35.559
35.334
35.323
35.459
35.060
35.173
35.496
35.214
35.478
35.108
35.086
35.198
35.033
35.150
34.966
35.092
35.818
35.262
36.830
35.237
35.528
35.625
35.335
35.349
35.519
35.251
35.521
35.231
35.410
35.330
35.243
35.461
35.180
35.419
35.450
35.227
35.244
35.442
35.014
35.347
35.353
35.477
46.165
35.445
34.964
34.427
35.144
34.490
34.852
34.598
34.707
34.583
34.395
34.353
34.412
34.422
34.328
34.451
34.539
34.364
34.502
34.471
34.381
34.272
34.382
34.286
34.737
34.257
34.527
34.169
34.351
34.351
34.490
34.463
34.367
34.243
34.397
34.427
34.244
34.240
34.428
34.258
34.261
34.385
34.587
34.492
34.497
34.520
34.217
34.236
36.213
34.554
34.485
34.383
34.387
34.246
34.464
45.572
35.505
35.430
35.613
41.256
35.765
35.395
35.282
36.599
35.124
35.240
35.130
35.460
35.819
35.321
35.217
35.319
35.456
36.255
35.258
35.215
35.250
35.072
35.101
35.713
34.762
34.845
35.052
35.259
34.979
35.262
35.464
37.381
35.215
35.051
35.177
35.313
35.361
34.974
35.388
35.273
35.218
34.985
35.400
35.272
35.460
35.052
35.081
35.103
35.433
35.105

###########
### RAS ###
###########

35.803
36.071
35.354
35.437
34.974
35.008
35.553
35.103
35.141
35.529
35.201
35.598
35.069
34.944
35.274
35.677
35.269
35.032
35.598
35.037
35.233
35.848
34.981
35.096
34.930
35.036
36.404
34.995
35.270
36.070
34.937
35.290
35.326
34.868
35.278
35.004
34.910
35.253
35.294
36.360
35.209
35.162
35.095
46.078
35.347
35.245
35.191
35.014
35.281
34.942
35.115
35.146
35.032
34.896
35.107
34.629
34.981
35.008
34.950
35.038
34.961
34.838
34.891
34.754
35.119
35.083
34.954
35.076
35.083
34.751
34.948
34.732
35.008
34.684
35.067
34.841
35.176
35.313
35.444
35.210
35.053
34.969
34.959
34.802
34.765
34.934
34.851
34.854
34.813
34.945
34.568
34.713
34.564
34.779
35.122
36.632
34.782
34.649
34.782
34.780
34.580
34.818
34.561
34.844
34.861
34.913
34.899
34.904
34.810
34.794
34.670
43.413
35.035
34.863
34.780
35.164
35.733
34.864
34.800
35.785
35.923
34.635
34.963
34.827
35.073
34.941
35.248
35.179
35.112
34.948
34.886
34.922
35.249
35.014
35.894
34.879
34.943
34.950
35.576
36.421
35.613
35.441
35.093
35.124
34.901
35.032
34.992
50.040
35.457
35.446
35.767
34.733
34.839
34.927
35.011
34.855
34.594
35.286
37.687
40.011
34.917
34.872
34.983
34.959
34.741
34.716
34.863
34.792
34.608
34.852
34.691
34.829
34.613
34.661
34.607
34.629
34.741
34.510
34.657
34.583
34.450
34.849
34.681
34.612
34.720
34.563
34.739
34.705
34.563
34.666
34.770
34.603
34.711
34.603
34.615
34.421
34.554
34.839
34.950
34.456
34.620
34.789
34.634
34.924
34.756
34.775

###################
### FORMULA TSO ###
###################

35.771
36.430
35.043
35.373
35.190
35.062
35.620
34.964
35.287
35.283
35.169
35.761
35.140
34.818
35.169
35.756
35.328
34.853
35.594
35.176
35.105
35.972
34.949
35.136
34.912
34.895
36.464
34.979
35.300
35.372
34.761
34.913
34.685
34.789
34.777
34.800
34.854
53.049
36.160
35.872
36.565
37.019
35.837
36.234
35.834
36.526
35.778
35.781
36.170
35.783
37.590
36.067
35.608
36.590
35.856
35.646
35.633
36.256
36.385
35.946
35.749
35.723
36.972
36.427
36.212
35.741
36.065
36.986
36.128
36.055
38.989
37.347
36.495
37.364
36.262
37.318
49.445
35.475
35.214
35.288
34.809
34.836
34.781
35.531
34.643
34.581
34.766
34.706
34.753
34.878
35.523
35.117
35.483
34.896
34.680
34.670
34.509
34.856
34.841
34.835
34.757
34.647
34.509
34.818
34.540
34.721
34.607
34.595
34.493
34.555
34.634
34.492
34.529
34.399
34.662
34.458
34.491
34.459
34.562
34.616
34.554
34.434
34.462
34.444
34.671
35.118
34.405
34.353
34.491
34.531
34.525
34.644
34.479
34.541
34.735
34.523
34.438
34.434
34.686
34.289
34.354
34.423
34.645
34.462
34.849
34.937
35.336
34.651
34.581
45.623
34.889
35.280
34.552
34.716
34.640
34.561
34.523
34.520
34.598
34.522
34.462
34.629
34.457
34.482
34.686
34.612
34.465
34.431
34.358
34.509
34.505
34.505
34.661
34.522
34.751
34.442
34.648
34.654
34.705
34.676
34.602
34.606
34.508
34.479
34.581
35.623
36.079
34.570
34.398
34.575
34.663
34.534
34.613
34.738
34.797
34.805
34.690
34.594
34.584
34.618
34.714
34.567
34.708
34.464
34.512

#################
### INITIAL D ###
#################

37.877
37.330
35.986
35.802
35.957
36.157
35.828
35.793
35.860
35.695
35.708
35.832
35.826
35.450
35.656
35.659
35.628
35.818
35.667
35.615
35.714
35.506
35.557
35.787
35.629
36.792
35.535
35.395
35.897
35.743
36.372
36.514
35.413
35.790
54.803
39.171
35.852
35.759
35.606
35.565
35.397
35.587
36.108
36.388
35.553
35.364
36.228
35.178
35.087
35.191
35.053
35.245
34.874
35.146
35.025
35.339
34.938
35.093
35.162
35.154
35.094
35.132
35.128
34.993
35.096
34.846
35.284
35.021
35.327
37.061
35.222
35.121
35.260
35.056
35.049
35.227
34.867
35.173
34.833
35.022
35.063
34.922
34.894
34.935
35.133
34.940
35.000
34.954
35.287
34.859
35.067
35.047
34.853
34.889
35.566
35.972
34.958
35.002
34.993
35.269
49.707
35.147
34.859
34.502
34.655
34.639
35.317
34.779
34.596
34.563
34.518
34.426
34.546
34.720
34.425
34.442
35.094
34.448
34.503
35.630
35.350
35.417
35.600
35.418
35.451
35.726
36.138
35.837
35.929
34.530
34.293
34.615
34.504
34.423
34.521
34.499
34.768
34.422
34.358
34.380
34.422
34.346
34.444
34.793
34.620
34.255
38.678
34.584
34.218
34.454
34.503
34.568
34.631
34.329
34.419
34.422
34.455
34.603
34.642
34.629
34.612
35.173
34.488
34.662
34.459
34.671
35.325
34.496
34.527
45.891
36.453
35.371
36.048
35.211
35.060
35.275
35.265
35.084
35.384
35.170
35.187
35.157
35.151
35.188
35.547
35.217
35.283
35.737
35.030
35.601
36.516
35.296
34.973
35.226
35.167
35.386
35.552
35.086
35.008
35.202
35.082
35.239
35.125
35.342

#################
### M-ELECTRO ###
#################

35.853
36.977
35.979
35.751
35.946
35.463
35.265
35.468
35.385
35.391
35.166
35.421
35.290
35.537
35.510
35.197
35.459
35.284
35.264
35.321
35.287
35.233
35.035
35.124
35.204
35.204
35.016
35.079
35.169
35.022
34.878
35.221
35.238
35.306
35.357
36.725
35.926
35.727
35.966
35.654
60.258
35.623
36.968
35.030
34.979
34.903
34.690
34.934
35.339
36.748
34.803
34.954
34.874
34.995
35.149
34.950
35.609
35.455
34.859
34.957
34.944
34.825
34.819
35.103
34.886
34.755
34.744
34.895
34.810
34.812
35.068
34.788
34.714
34.779
34.942
39.872
35.171
35.122
34.944
35.177
35.015
35.481
35.599
35.226
35.516
35.325
35.473
35.611
37.380
35.352
51.664
35.330
35.199
35.033
35.175
34.823
35.042
34.891
35.337
35.102
35.244
35.026
35.242
35.532
35.185
35.340
36.560
35.128
35.275
34.856
36.129
35.169
35.279
35.077
35.369
35.240
35.149
35.442
35.479
36.199
35.074
35.424
35.351
35.329
35.535
35.249
35.163
35.202
35.222
36.008
35.271
35.472
35.236
35.171
35.777
35.221
35.381
35.217
35.546
35.429
35.505
35.328
35.117
35.313
35.702
35.220
35.972
36.006
49.566
35.916
35.777
34.930
34.876
34.695
34.815
34.822
34.878
34.773
34.868
34.919
34.761
34.826
34.725
34.952
34.851
34.810
36.243
34.906
34.925
34.854
35.009
34.857
34.941
34.872
34.864
34.744
34.875
34.712
34.893
34.672
34.754
34.828
34.885
34.810
34.829
34.860
34.632
34.843
34.779
34.800
34.596
34.878
35.398
35.303
35.170
34.998
35.526
35.161
35.436
35.033
35.067
35.108
35.514
35.134

#################
### DE BACKER ###
#################

35.848
35.284
35.053
35.239
34.716
35.178
34.914
35.165
34.641
35.113
35.064
34.893
34.968
34.825
34.698
34.797
35.035
35.245
34.997
35.023
35.663
35.973
35.560
34.809
34.808
35.334
34.761
35.665
34.575
35.861
35.042
34.669
35.202
34.861
35.109
34.644
34.670
35.243
35.035
49.164
34.937
34.818
34.789
34.575
34.466
34.360
34.637
34.282
34.414
34.647
34.549
34.445
34.645
34.425
34.540
34.279
34.453
34.490
34.480
34.453
34.847
35.520
35.035
35.253
38.740
34.496
35.690
34.457
34.456
34.375
34.505
34.947
35.026
35.155
35.759
35.781
73.135
36.151
35.416
35.755
35.399
35.571
35.600
35.242
35.443
35.443
35.358
35.666
35.255
35.449
35.355
35.420
35.229
36.175
37.598
35.488
35.423
35.418
35.184
35.522
35.450
35.331
35.585
35.477
36.763
35.665
35.867
35.948
35.729
35.476
35.479
35.578
35.483
35.683
35.656
35.775
35.381
35.449
36.503
36.243
35.402
35.326
35.643
35.461
35.417
35.731
36.121
35.857
37.166
49.082
39.212
36.339
34.964
37.614
35.654
35.086
34.911
35.206
35.154
36.323
34.936
35.125
34.902
35.119
35.217
39.435
35.112
35.049
35.049
35.065
34.922
35.024
35.108
35.033
36.454
36.966
35.108
34.890
35.108
34.857
34.949
34.903
35.074
35.014
34.956
35.005
34.729
34.935
35.069
34.880
35.135
35.460
35.041
34.847
34.935
34.999
35.170
35.229
35.052
35.106
35.030
34.835
35.254
35.184
35.233
35.288
35.072
35.139
34.969
34.998
35.070
35.866
35.068
34.827
34.848
36.106
34.897
34.903
34.726
34.745
34.744
34.844
35.285
