2 uren race - Finale - 20:02 - Sodi 270cc 23/11/2023 - 19:52
Position | Kart | Team                  | Rondes | Afstand             | Snelste ronde
--------------------------------------------------------------------------------------
1        | 14   | SPA FRANCOR CHAMPS    | 192    | 0                    | 36.402
2        |  1   | ROLLENDE KIP          | 192    | 1.780 sec            | 35.414
3        | 17   | AXLE BREAKERS         | 187    | 5 Rondes             | 36.259
4        | 15   | KART AGAINST HUMANITY | 183    | 9 Rondes             | 36.462
5        |  6   | KART BLANCHE          | 183    | 9 Rondes 25.528 sec  | 36.845
6        |  9   | STUCK IN 2ND GEAR     | 182    | 10 Rondes            | 36.965
7        | 21   | GO KART OR GO HOME    | 182    | 10 Rondes 15.154 sec | 37.206
8        |  2   | DARIOKART             | 180    | 12 Rondes            | 37.109
9        |  3   | KARTOON               | 179    | 13 Rondes            | 36.623
10       | 19   | ALFA EMILIANO         | 179    | 13 Rondes 68.567 sec | 37.008

##########################
### SPA FRANCOR CHAMPS ###
##########################
Order:
Joost: 30 min
BertP: 30 min
Joost: 25 min
BertP: 35 min

Lap times:
38.986
38.657
39.778
38.284
38.187
38.045
37.654
38.206
37.825
38.249
38.069
37.603
37.561
37.889
37.341
38.145
37.267
37.736
37.330
37.931
37.938
37.797
37.335
38.175
38.059
37.396
37.500
37.620
37.681
37.695
37.713
37.780
37.533
38.169
37.622
37.638
37.522
38.236
37.024
39.577
37.655
37.489
37.566
38.488
37.822
38.393
38.123
52.474
37.361
37.695
37.303
37.329
37.647
37.089
41.547
38.217
36.782
36.613
37.136
36.817
36.729
36.799
36.530
37.292
36.881
36.781
37.282
37.482
36.448
36.738
38.377
36.434
36.907
37.031
36.674
36.779
38.362
37.026
37.458
37.325
36.631
37.136
36.796
36.464
37.164
36.738
36.764
36.704
36.707
36.907
36.644
36.984
37.330
36.929
37.355
37.631
52.937
37.561
37.498
37.316
37.114
37.379
37.244
37.479
37.343
37.478
37.396
37.159
37.690
37.399
37.544
37.434
37.653
37.270
37.279
37.509
37.722
36.916
37.722
37.439
37.207
37.786
37.364
36.923
37.624
37.095
37.049
37.316
37.510
37.933
37.600
37.693
37.847
40.877
50.811
37.073
36.721
36.873
37.033
36.763
36.662
36.915
36.633
36.436
36.468
36.594
36.620
36.975
36.693
36.701
36.932
36.917
36.729
36.696
36.577
36.695
36.818
36.886
37.006
43.764
37.801
37.049
38.779
36.520
38.220
39.227
36.684
36.715
36.652
36.624
36.930
37.005
36.494
36.682
36.625
36.950
38.052
38.067
37.597
36.739
36.709
36.402
36.748
36.445
36.585
36.772
37.142
37.317
36.816
36.788
36.669
36.600

####################
### ROLLENDE KIP ###
####################
Order:
Jasper: 30 min
Inigo:  30 min
Jasper: 30 min
Inigo:  30 min

Lap times:
39.434
38.299
39.825
38.814
39.276
40.551
37.751
38.565
38.365
38.009
39.459
38.338
38.728
37.931
38.212
37.793
37.949
37.713
37.697
37.686
37.938
38.768
38.126
38.273
44.581
37.717
38.851
39.569
37.828
38.501
52.116
39.111
39.623
38.047
38.263
38.126
38.262
37.829
37.708
38.624
37.708
37.851
37.886
37.520
38.520
39.719
60.429
36.653
36.295
36.660
36.143
36.007
35.990
38.501
40.576
38.275
36.059
35.913
36.482
35.927
35.782
35.966
36.049
36.828
36.796
36.462
36.625
35.953
36.563
36.944
35.975
36.682
35.645
36.052
37.608
36.216
36.160
35.948
36.153
35.871
35.845
36.758
36.200
36.809
36.121
36.233
35.759
35.851
35.875
35.905
36.298
35.954
36.794
36.266
37.112
37.462
35.908
35.843
49.054
38.440
37.487
37.257
37.587
37.153
37.393
37.743
38.027
37.565
37.603
37.599
37.466
37.459
37.609
37.573
37.692
37.562
38.831
37.689
37.486
42.604
38.779
38.094
37.994
38.047
38.175
37.477
37.492
38.923
37.827
37.754
37.761
38.095
39.085
38.059
38.775
37.785
37.022
38.214
38.005
37.396
37.631
38.396
52.309
36.274
36.305
36.001
35.876
36.971
35.628
35.666
35.588
35.721
36.790
35.498
36.703
38.939
37.050
35.996
39.181
41.018
38.074
35.879
35.578
36.093
39.995
37.196
35.774
35.549
35.831
37.385
36.651
35.583
35.439
35.516
35.823
35.693
35.755
35.633
35.908
36.193
35.630
35.631
36.284
36.136
36.495
35.414
35.861
36.431
37.705
37.051
36.570
35.613

#####################
### AXLE BREAKERS ###
#####################
Order:
Tim:  30 min
Kyle: 30 min
Tim:  30 min
Kyle: 30 min

Lap times:
38.652
38.146
39.673
38.305
38.607
39.025
38.022
38.291
38.047
38.173
57.204
37.753
38.272
37.975
38.410
37.971
38.669
38.142
38.147
38.308
37.681
39.688
37.723
38.708
37.566
38.188
37.695
38.064
37.982
38.945
37.654
38.126
38.785
38.400
38.060
39.103
38.155
38.570
38.964
37.848
37.649
38.127
38.183
37.723
39.873
38.472
55.940
37.089
36.959
36.964
36.844
36.808
38.444
40.622
41.692
40.834
36.987
36.499
36.574
37.297
36.662
36.890
36.825
36.833
39.812
37.481
37.303
36.351
37.050
39.209
36.556
36.868
36.617
36.648
36.887
36.449
36.846
36.954
37.383
37.606
36.554
37.777
36.856
37.089
37.397
36.813
37.385
36.572
36.452
37.201
37.536
37.436
36.838
38.116
56.901
38.400
37.513
37.461
39.484
37.332
37.775
37.490
37.616
38.546
37.286
37.934
39.271
37.879
38.070
37.578
37.390
38.496
37.504
37.164
37.204
37.887
37.631
37.825
38.900
38.176
37.795
37.695
38.866
37.788
38.140
38.081
37.749
37.748
37.628
37.586
38.269
40.303
37.472
37.752
38.452
37.477
39.404
39.650
133.429
37.905
37.153
36.683
36.647
37.809
38.262
39.518
37.115
36.988
36.427
37.332
36.407
36.846
36.691
36.472
38.113
44.019
36.641
36.259
36.662
36.912
54.564
36.517
36.828
36.405
36.631
39.687
36.836
37.079
36.366
37.443
37.420
36.369
37.386
37.856
36.838
36.456
36.646
36.615
36.494
36.381
36.874
37.201
38.131
37.286
37.347
37.430
36.454

#############################
### KART AGAINST HUMANITY ###
#############################
Order:
Ruben:   20 min
Stefaan: 10 min
Bart:    15 min
Ruben:   30 min
Stefaan: 20 min
Ruben:   25 min

Lap times:
38.280
37.857
38.758
38.011
38.277
41.486
37.181
37.839
38.239
37.576
40.346
37.897
40.078
37.799
40.307
41.183
38.096
37.837
38.104
38.162
37.474
39.222
37.764
38.570
38.631
38.372
37.933
38.354
38.321
63.731
44.061
40.738
42.570
40.519
40.067
39.489
38.997
38.879
38.618
38.701
39.469
44.300
39.983
39.554
39.427
61.132
39.802
39.347
39.838
42.809
46.916
45.379
45.301
50.539
46.426
44.669
48.545
47.417
46.301
46.382
46.723
73.718
38.127
37.566
37.271
37.001
38.781
40.759
38.011
38.292
36.955
38.551
37.279
37.396
37.402
37.411
36.993
37.196
37.666
37.529
37.665
37.538
38.179
36.949
36.938
39.363
37.294
37.143
37.761
37.463
37.301
37.265
37.227
37.354
38.119
36.736
37.181
37.157
37.619
37.870
37.503
39.196
37.441
37.962
37.535
37.660
38.148
37.647
38.094
36.665
37.237
37.638
37.974
37.359
37.046
36.767
37.102
37.318
38.650
36.970
36.724
37.153
38.366
63.073
39.555
38.512
38.040
38.638
37.781
37.867
37.973
37.426
37.894
37.870
37.369
37.523
37.492
37.740
38.513
38.518
38.471
38.334
40.672
37.721
37.374
39.990
38.511
37.956
37.847
37.781
37.562
45.866
65.202
39.753
38.014
38.120
42.437
37.801
37.488
37.657
37.845
36.936
37.256
36.462
36.678
37.759
38.514
38.260
37.063
37.090
37.131
37.557
37.118
36.816
37.042
39.014
37.173
37.678
37.431
37.242
37.110
37.067
38.843

####################
### KART BLANCHE ###
####################
Order:
Maarten: 20 min
Matteo:  10 min
Ilse:    15 min
Maarten: 20 min
Matteo:  25 min
Maarten: 20 min
Matteo:  10 min

Lap times:
39.073
38.976
39.896
38.740
38.528
38.456
38.453
39.856
39.188
38.136
38.292
37.975
38.294
38.631
38.151
39.857
38.321
37.866
38.476
38.120
38.603
38.870
38.240
37.657
37.599
38.656
38.180
38.071
38.140
41.049
58.463
38.475
39.898
38.424
38.226
37.939
39.076
37.996
38.399
37.676
38.475
37.705
37.497
37.481
38.330
37.908
37.672
37.860
37.845
38.652
37.749
72.449
42.180
42.274
43.081
42.634
42.130
57.975
42.892
41.612
43.268
41.715
44.059
41.583
41.358
41.875
41.719
42.372
41.419
41.517
40.922
41.120
41.274
40.545
40.812
41.445
47.244
57.847
37.992
37.832
38.352
37.290
37.491
37.376
40.122
37.736
38.452
37.805
38.136
37.394
38.275
37.027
37.625
39.538
37.580
37.468
38.739
37.308
37.966
40.271
52.017
38.577
37.786
37.579
37.614
39.130
37.426
37.349
37.603
37.166
37.542
37.633
37.692
37.472
37.372
37.661
37.423
37.867
37.749
37.743
38.247
37.787
37.835
37.636
37.819
37.791
38.409
37.546
37.610
38.161
38.450
37.670
36.845
37.491
37.809
37.401
37.549
37.175
37.259
37.498
38.003
39.068
37.961
53.065
38.106
37.283
37.167
36.997
37.410
37.888
38.967
46.033
47.267
40.609
42.524
39.052
38.536
41.428
39.346
40.501
38.781
38.824
40.729
38.171
38.763
38.521
38.138
61.500
38.325
37.575
38.228
38.177
37.450
38.825
37.733
41.696
38.926
38.832
37.929
37.678
37.087
37.961
38.018

#########################
### STUCK IN 2ND GEAR ###
#########################
Order:
Pieter: 20 min
BertV:  20 min
Stijn:  20 min
Pieter: 20 min
BertV:  20 min
Stijn:  20 min

Lap times:
38.544
38.199
38.462
37.778
38.077
42.429
37.547
37.836
37.894
37.914
40.065
38.396
38.574
37.776
38.447
37.477
37.873
37.977
38.222
38.511
38.292
38.792
39.149
37.845
40.097
37.771
38.567
38.565
38.145
37.583
59.214
42.014
37.778
37.562
38.086
40.796
37.998
37.454
38.122
37.686
38.854
37.568
37.830
38.220
39.119
37.365
37.539
37.515
37.417
37.915
37.866
38.558
38.493
43.068
41.091
39.685
37.871
39.074
37.644
37.226
37.807
38.605
65.252
43.125
42.442
45.103
43.694
45.840
41.639
41.045
41.521
42.126
40.890
40.846
42.850
40.654
40.103
39.805
42.798
40.301
40.905
40.910
40.653
42.008
41.312
39.688
40.395
40.391
39.951
58.627
37.911
38.045
37.646
37.592
39.175
37.996
37.563
37.121
37.554
38.517
37.657
37.404
38.453
37.966
37.440
37.618
37.404
37.175
37.434
37.736
37.102
37.534
37.420
37.391
37.858
37.851
37.446
37.708
37.661
40.053
55.214
37.882
37.582
37.615
37.599
37.210
37.379
37.393
37.460
37.217
37.279
37.450
38.995
37.709
39.564
37.971
38.082
38.490
38.853
37.447
37.035
37.892
38.506
37.723
37.788
37.160
36.965
37.551
37.958
39.216
37.536
38.801
43.603
45.446
59.674
40.049
40.001
64.805
39.979
42.275
39.906
41.050
40.009
39.220
39.539
39.257
42.259
40.685
39.624
39.863
39.067
39.651
39.558
39.136
39.632
43.522
39.439
39.594
43.724
39.590
39.770
40.047

##########################
### GO KART OR GO HOME ###
##########################
Order:
Matt:  20 min
StefM: 20 min
Emil:  20 min
Matt:  20 min
StefM: 20 min
Emil:  20 min

Lap times:

39.267
38.715
39.843
38.095
38.513
38.426
38.092
38.549
38.130
38.220
38.552
38.063
38.331
38.327
38.271
38.825
38.119
37.785
37.735
38.056
38.139
37.447
38.120
37.868
39.518
37.742
38.009
38.336
38.018
38.750
58.963
43.899
42.011
40.310
40.030
40.329
40.646
40.459
39.982
40.262
39.515
40.000
39.962
41.803
39.283
39.042
38.962
39.600
39.582
39.438
40.879
39.654
40.574
44.096
40.297
42.037
41.417
40.732
39.396
38.800
63.596
40.795
40.524
39.347
39.443
40.326
41.023
39.455
39.721
40.130
39.531
40.088
40.538
38.704
39.307
39.338
39.858
39.451
39.613
39.488
39.766
39.147
39.176
38.894
39.922
39.267
39.793
44.529
45.093
60.225
38.207
38.230
38.790
38.856
39.303
37.800
39.831
37.726
37.725
37.731
38.106
37.530
37.451
37.664
38.929
37.298
37.549
37.409
37.583
37.582
38.792
37.319
37.738
37.228
37.831
37.583
37.906
37.261
37.631
37.568
37.470
37.206
37.510
53.992
38.868
39.004
42.759
38.564
38.672
38.550
38.355
37.989
37.860
40.343
39.130
38.414
39.590
39.404
37.877
38.155
37.960
37.769
38.133
38.625
37.996
38.162
38.141
38.642
39.873
38.564
39.300
82.449
41.868
42.560
40.157
39.167
41.357
38.863
41.491
39.966
38.918
38.406
38.762
38.512
39.717
39.229
38.451
38.654
38.827
39.977
39.157
38.275
38.822
38.591
39.544
39.333
39.213
38.764
38.953
39.235
39.836
39.498

#################
### DARIOKART ###
#################
Order:
StefD: 20 min
Dario: 20 min
Jeff:  20 min
StefD: 20 min
Dario: 20 min
Jeff:  20 min

Lap times:
38.489
38.284
39.384
38.061
38.627
38.968
37.948
38.593
37.803
38.399
41.084
37.963
38.562
38.220
38.357
37.567
38.067
37.350
38.016
38.240
38.086
38.151
37.876
38.232
41.174
53.678
38.126
38.247
38.466
38.012
38.324
61.549
42.182
41.341
40.053
41.361
40.527
42.190
40.553
40.256
39.104
39.499
39.194
43.768
39.083
40.310
39.977
39.779
40.318
39.337
39.139
39.064
39.307
39.430
39.539
38.382
39.421
39.194
38.988
38.925
42.697
39.663
64.725
45.092
41.710
41.667
41.826
40.967
42.188
41.126
41.112
40.719
40.357
41.907
40.961
42.038
39.757
40.708
40.670
39.711
40.304
40.741
40.504
39.903
40.101
40.520
40.469
39.833
40.855
40.517
40.487
61.216
39.204
39.361
38.464
38.174
38.753
38.609
38.778
39.310
37.753
37.717
37.180
37.390
37.671
37.842
37.283
38.472
37.212
38.092
38.139
37.109
37.736
39.074
37.997
38.539
37.710
37.308
38.282
37.571
59.703
40.685
39.141
38.850
38.351
40.396
38.376
38.078
38.098
39.035
37.942
37.383
38.637
38.695
38.334
38.233
38.892
38.971
38.479
38.618
37.979
38.203
39.304
38.561
39.935
38.628
39.592
37.720
38.837
59.909
47.153
41.255
40.331
40.177
41.057
44.175
40.365
39.847
40.032
39.448
39.348
38.902
39.453
40.446
39.507
40.804
41.004
41.584
40.305
40.303
39.852
40.205
39.951
41.552
39.553
40.853
39.228
42.021
40.807
41.788

###############
### KARTOON ###
###############
Order:
Steven: 20 min
Thomas: 20 min
Toon:   20 min
Steven: 20 min
Thomas: 20 min
Toon:   20 min

Lap times:
38.528
37.985
39.555
37.111
37.153
37.716
37.174
37.111
36.893
37.394
37.563
39.843
37.315
37.037
36.887
36.921
37.027
38.413
36.944
36.900
36.819
37.023
37.531
36.623
37.782
37.306
37.035
36.825
36.862
37.742
38.273
37.148
37.313
37.544
39.192
58.936
41.268
43.596
39.840
39.694
39.836
41.236
40.446
39.749
40.083
41.019
40.282
39.800
39.165
39.809
40.359
39.874
40.318
42.816
42.664
42.351
40.677
38.882
39.677
41.007
41.840
90.060
45.723
43.474
43.991
45.226
41.097
41.903
42.220
42.638
42.505
43.114
41.596
41.752
42.078
43.714
41.673
42.434
41.592
41.888
44.365
57.111
37.706
37.114
36.974
37.034
37.061
38.014
37.618
36.918
37.019
36.881
36.852
37.009
36.877
37.774
38.486
37.812
37.912
37.114
38.193
37.564
36.828
37.351
38.266
36.970
36.729
37.260
36.981
37.363
37.401
36.853
36.838
36.814
37.013
36.964
37.028
36.885
36.681
36.881
36.863
36.707
36.757
37.742
36.890
37.350
36.941
59.087
40.108
40.025
38.838
38.833
39.294
38.668
38.896
38.770
39.879
38.424
39.407
38.071
39.472
39.064
38.347
39.136
39.282
38.736
38.498
38.122
37.971
38.267
38.931
78.593
38.860
38.733
38.477
39.758
43.149
39.370
38.944
38.371
38.207
41.002
38.270
39.107
37.891
63.780
40.131
42.456
40.469
40.475
41.728
40.171
42.016
39.346
40.290
39.918
45.642
40.910
39.909

#####################
### ALFA EMILIANO ###
#####################
Order:
Mike:     10 min
Emiliano: 10 min
Finley:   20 min
Mike:     15 min
Emiliano: 15 min
Finley:   20 min
Mike:     20 min
Finley:   10 min

Lap times:
38.359
38.370
40.213
38.384
37.858
41.038
37.875
37.963
37.878
37.870
40.039
37.823
38.398
37.721
38.871
53.387
44.744
43.967
42.820
43.588
46.571
41.582
45.019
42.018
42.284
43.328
71.247
40.950
43.214
43.764
44.264
44.051
41.945
40.014
38.828
40.006
44.383
43.984
40.072
39.471
39.221
38.575
38.838
39.997
39.939
38.823
38.615
38.338
39.459
40.250
40.511
39.389
40.378
39.453
39.994
40.276
40.154
56.107
38.910
39.319
38.653
39.143
38.741
38.987
37.971
37.505
39.596
37.829
37.599
38.183
38.303
38.319
40.141
39.181
37.658
37.738
39.135
37.947
38.720
37.280
37.310
37.330
37.478
37.523
54.778
44.124
42.311
42.920
41.214
41.991
41.661
41.517
43.904
41.777
41.813
41.460
41.517
40.856
42.232
41.797
41.858
41.357
44.544
78.047
39.528
39.972
51.412
40.083
39.263
38.072
38.216
37.940
38.102
37.688
38.290
39.053
38.553
38.307
38.526
40.683
38.621
38.459
38.700
38.510
38.407
38.882
38.363
40.150
39.806
58.340
37.691
37.571
37.687
38.657
37.576
37.008
37.070
37.571
37.378
37.352
37.235
37.132
38.531
37.839
39.010
38.640
38.186
46.624
38.813
37.793
38.127
37.379
39.380
40.347
37.325
37.683
37.490
37.303
37.938
37.348
38.775
51.547
38.803
38.167
38.105
38.105
38.088
38.288
38.065
37.962
37.518
38.197
37.597
37.741
38.858
39.374
38.577
38.336
37.592
